170007,170083,170153,170229,206124,206293,206160,206332,206201,204650,204743,204843,204945
169654,169731,169806,169867,203946,204049,204173,204288
169060,170002,169122,170076,169196,169262,206120,205951,206158,205991,206196,206027,202886,202987,203087,203174
168997,169940,169074,170022,169137,169208,206096,205933,206137,206174,202820,204572,202911,204665,203012,203108
168996,169943,169073,170029,169133,170099,170165,206098,206139,206176,204437,202819,204579,204669,204768,204868
168929,169874,169007,169956,169082,170036,169146,170110,206066,206106,202566,204320,202705,204461,202841,204598,204700
168777,169737,168853,169809,168926,169870,202173,203953,202285,204056,202405,204175,204295,217629,217699,228148
168732,169713,168822,169791,168902,169859,169933,206065,204035,202380,204155,204272,204389,217668,217735,217820
168691,169658,168771,169732,168851,168925,202171,203950,202286,202407,202528,217128,217195,227913,227974
168692,169657,168776,168854,202097,202183,202302,202415,217082,217143,227934
168682,169652,168756,169730,168844,169803,169866,202263,204043,204166,204280,217682,217744,228126
168567,169539,168636,169601,168703,169668,168789,169746,169815,202102,203913,202184,203968,204073,204189,217593,217646,228108
168575,168650,168715,168800,202053,202129,202211,216993,217047,217101,227904,227706,234699,234739
168371,168430,167483,168482,168533,168609,168674,201937,202004,202073,202147,216960,216386,217011,217062,227681,234708
168139,168208,168288,168369,205816,205616,205854,205656,201139,201254,201347,201449
167850,168940,167945,168029,168103,205674,205719,205768,200724,200857,200978,201112,216823
167811,167890,167981,168057,205695,200642,200887,201012,216147,216218,216310
167742,168820,167815,168896,167892,167984,205701,202259,200572,202385,200656,200764,200895,216590,216679,216789
167773,167844,200449,200517,200609,215935,215984,216038,227362
167602,167656,167722,167791,200397,200460,200522,200612,215979,216037,227510,234482
167600,166789,167651,166850,167714,167783,167846,198922,200501,199027,200588,200671,200782,216053,215568,216130,215640,215707,227259
167151,168069,167228,168152,167294,168222,205540,205589,205628,199524,201056,199629,201172,199735,201278,199841
167147,166265,167223,166332,167293,166398,167365,205411,205453,199514,197841,199622,197944,199731,198043,199836,198155
167020,167923,167103,168012,167174,168090,167250,205489,205522,205571,199319,200854,199435,200974,199576,201109
167015,167099,167172,167246,205339,205518,205383,205567,199309,199425,199566,199668,215294,215789
166978,167047,167124,167192,205319,205495,205360,199200,199332,199452,199590,215227,215712,215341
166967,167031,167112,167182,205309,205348,205391,199189,199320,199434,199573,199680,215314
166934,166034,166989,166100,167055,166180,167132,166251,205329,199100,197460,199218,197570,197689,197802
166885,167753,166947,167821,166999,167899,167066,167988,199017,200580,199118,200664,199245,216043,215563,216117,215630,215702,227256,227404
166835,167694,166896,167764,166951,167828,167004,167906,199013,200574,199113,200658,199238,199359,215611,215690,215773
166784,166851,166918,198804,198879,198956,215465,215520,227210,234165
166739,165837,166796,165886,166856,165950,166921,166022,198871,197216,198945,197288,199045,197403,199150,197520,215000,215039,215090,226915
166607,166660,166709,166767,166830,198702,198766
166566,166622,166676,166725,198589,198661,198727,119422,119464,118931,226980,234120,407411,407444,417006,417054,427820,427844
166270,166336,166403,205189,205234,205269,197850,197952,198052,198165
166159,166227,166296,166360,204995,205163,205207,205250,197646,197764,197884,197978,198076
166080,167029,166161,167107,166231,167175,166299,167247,166365,205344,205386,199306,197650,199423,197766,199556,197889,199657,197986,198082
165847,165897,165959,166030,197160,197226,197307,214546,214584,226893,226745,233932,233962
165407,164510,165472,164588,165542,164667,165616,204408,204541,196308,194566,196421,194674,196542,194795
165309,165367,165439,204992,205038,205073,196191,196272,196370
165301,166198,165360,165430,165487,205024,205065,205098,196168,197847,196259,196355,196470
165238,165308,164412,165364,164475,165436,165490,204199,204312,196074,194254,196175,194404,196263,196360,196475
165244,164354,165317,164420,164480,164554,202335,204096,204213,195980,194144,194425,194527
165174,166083,165252,166165,165331,166234,165385,166301,204965,205007,205050,195992,197658,196099,197776,196201,196288,214407
165179,164299,165260,164370,165334,164434,165394,204007,204116,195883,194035,195996,194171,196104,196210,213857,213952
165068,165975,165134,165211,165291,204985,195680,195795,195917,196029,214213,214297,214375
165071,165133,165210,165288,204980,204028,195789,195911
165060,164195,165124,164258,165203,165276,165346,204022,195779,195902,196008,196117,213878,213969
165028,165935,165095,166001,165163,166062,165229,166132,195699,197366,195813,197480,195935,197591,214228,214316,226606
164980,164094,165034,164162,165101,164233,165169,195538,193678,195619,195728,195842,213652,213719,226189
164908,163979,164955,165000,165054,195433,195507,195574,213486,213545,213600,226089,226137,233352
164860,163922,163996,164060,164127,195362,193470,193548,193643,193731,213487,212929,212978,225923
164757,163789,164818,163864,164875,163945,164929,164972,195307,193421,195383,195455,195532,117293,213462,213506,226066,226114,233436,426554,426629
164454,163547,164525,163635,164600,164683,202538,200795,202670,202799,192632
164410,164474,164547,164618,202435,204197,202552,194265,194414,194517,194618
164244,163312,164303,163387,164375,164436,164497,202238,202346,202457,192175,194034,192305,194167,194296,194443,194550,212853
164036,164105,164172,164243,193610,193698,193793,212997,213056,225976,233238,233273
164032,164101,164165,164235,193599,193691,193785,193906,212490,212993,213050,213107,225801,233233,233272
163920,163989,164053,164118,164184,193525,193613,193701,193795,212996,213055,213111,225973,233387,233270
163913,163986,164056,164124,164190,193538,193631,193720,212917,212968,213023,225953,233347,233211
163983,164052,164123,164188,193541,193635,193723,212919,212972,213026,225957,233219
163857,163936,164007,164071,164138,193473,193552,193646,193732,212439,212925,212477,212523,225732,225763,233085
163848,163929,164003,164066,164134,193483,193566,193656,212406,212897,212447,212938,212484,212984,225736,233061,233102,425948,426006
163535,164500,163621,163703,163776,200902,201036,192716,194557,192840,192950
163483,162432,163559,162507,163643,162581,163725,162667,199273,199386,192538,190654,192644,190761,192747,190858,192869,190961,191061
163470,162424,163546,162494,163634,162576,163716,162657,199260,199379,199501,192630,190749,192736,190850,192861,190954,192970,191052
163426,162377,163498,162450,163575,162525,163655,162596,199162,199284,192410,190561,192566,190675,192666,190782,192768,192891
163363,163433,163507,163583,200624,200711,200829,192285,192442,192591,192689
163372,162322,163440,162392,163513,162468,163591,162542,199082,199181,192289,190470,192446,190584,192593,190700,192691,190812,211898
163247,164250,164316,164386,164450,202247,193953,194058,194188,194321,213239,213337,213437
163253,163319,163398,163467,200565,192072,192199,192334,192488,212245,212323
163188,163274,163341,163415,191956,192093,192221,192362,212654,212201,212740,225639
163255,163323,163401,198999,200566,191943,192079,192206,192343
163181,162140,163266,162224,163329,162296,162362,198998,192073,190279,192198,190395,192332,190513,190628,211804,212241
163115,163203,163285,163355,191839,191977,192109,192238,212159,212219,225671
163109,163194,163279,163346,191963,192098,192227,212205,212270,225643
163060,163133,163220,163300,191764,191862,191995,192128,212072,212118,212175,225621,225454
163050,163125,163212,163295,191762,191860,191996,192130,212533,212075,212568,212119,212629,225626,232991
162974,163065,163138,163229,191687,191776,191876,192008,212089,212126,225430,232893,232787
162430,162505,162580,162666,199270,197622,199384,199508,190655,190763,190861,190965,191064
162266,162338,162403,162476,198979,197318,197440,197544,190373,190485,190598,190717,211926,211433
161927,161037,161996,162054,162115,162198,189937,190016,190102,190226
161778,161844,161902,161957,162021,189754,189828,189892,189966,211472,211525,211581,225241,232624,232650,425379,425449
161500,161575,161637,195849,195961,196061,188933,189033,189120,189217
161497,162429,161574,161634,161704,195957,197624,196059,196157,188923,189024,189109,189204,189300
161493,160475,161566,161626,161697,195951,194105,196052,194224,196152,189007,187323,189092,189185,189283
161491,160480,161568,160565,161630,160645,161702,160731,195958,194119,188929,187254,189029,187355,189115,187460,189212,187579
161424,161507,161578,161640,195851,194013,195965,194124,196066,188822,188942,187267,189042,189125,189221
161432,160409,161516,161583,161645,195856,195970,188827,188950,189043,189135
161429,160403,161508,161579,161639,195850,195962,196062,188932,189032,189117,189213
161253,161329,161400,161481,195666,188558,188670,188773,188888,210772,210874
161192,162139,161269,162227,161342,162299,161413,188456,190145,188566,190284,188677,188781,210708,211238,211316,211406
161145,161219,161294,188297,188378,188493,188606,210618,210683,224609,224793
161143,161216,161291,188367,188483,188597,210605,210671,210749,224783,224835
160963,161041,161107,161169,161242,188242,188320,188398,188512,210538,210579,210631,224921,224760,232476
160908,160982,161060,161123,188115,188189,188271,188341,210486,210039,210529,210084,210563,224566,232179
160476,160559,160635,160724,192249,194110,192385,194232,194367,187345,187451,187561,187689
160402,159400,160489,160570,160651,160732,192255,192393,192528,185599,187340,187442,187549,187681
160074,160156,160226,160316,186631,186748,186856,186983
159941,160041,160131,186447,186541,186614,209548,209585,209625,224370,224411,231966
159865,159946,160039,160128,160195,186519,186598,186668,186781,209602,209640,209692,224420,232005
159698,159769,159842,159912,186308,186395,186484,186568,112913,209522,209561,209597,224202,224380,231940,231969
159686,159758,159833,159908,159993,186304,186392,186481,186564,209518,209559,209595,224381,232057,232086,424499,424542
159392,159452,159525,159594,159674,190537,190644,185590,185701,185794,185903
159393,158446,159454,158510,158584,158672,188704,188810,188915,184033,184123,184217,184329
159344,159407,159467,159538,192137,190342,190444,190552,185441,185537,185630,185734,185841
159337,160400,159404,160487,159460,160569,159534,160650,159603,192256,192394,192531,185522,185608,187341,185721,185823,185927
159276,160335,160423,160513,160589,192029,192156,187039,187162,187292,187386,209942
159215,159293,159368,159430,190118,190250,190363,185356,185468,185568,185672,208960,209459
159212,160256,159290,160347,159366,160434,159428,160521,159495,160594,191913,192040,192161,185348,187042,185464,187161,185565,187291,185666,209934,209455
159213,159289,159362,159423,159487,190242,190356,190455,185338,185453,185552,185650,185758
159218,158282,159298,158356,159373,158421,159437,190128,190265,185262,183625,185374,183746,185481,185589
159169,158229,159239,158310,158375,158436,188436,185168,183511,185274,183637,185383,183761,183904
159114,160141,159178,160208,159246,160297,159322,160384,160468,191933,185165,186823,185270,186947,187082,187207
159112,158168,158242,158322,158384,188445,183403,183523,183653,183776,208797,208318,208409,208498
159063,158121,158197,158267,183312,183439,183555,208713,208774,223652
159009,158061,159076,158134,159142,159204,185017,183310,185116,185203
158868,157926,158932,157989,158991,158041,159050,158100,184773,183094,184840,183155,184918,183229,184998,208566,208604,208638,223768,231576,231602,423671,423734
158863,157917,158927,157982,158983,159045,184828,183149,184904,184987,208597,208633,208667,223803,223603,231445,231591
158820,158882,158945,158997,159055,184771,184838,184914,184994,209049,209093,209141,223808,231592
158814,158876,158937,158995,159052,184769,184834,184912,184992,209053,209096,209144,223978,224028,231835
158769,158832,158898,158958,184658,184724,184798,184868,112407,209041,223723,223932,223756,223972,231709,413759,413803,423996,424044
158450,158517,158588,188609,188708,188816,183966,184048,184136,184239
158354,158412,158473,188420,186684,188533,186795,188629,183727,183869,183996,184083,208522
158066,158137,158203,158271,183305,183429,183546,183671,208255
157916,158924,157980,158981,158030,159040,159106,184819,183138,184892,184972,185056,208619,208659,208699,223785,223850,231620
157868,157928,157990,158039,158095,183147,183218,183273,183348,208053,208099,208172,223407,223446,231343
157554,158502,157629,157713,186997,187131,187248,182266,182363,182460,182563
157551,157626,157710,157809,185411,187124,185511,187244,182256,182351,182452,182551
157536,157615,157702,157801,185408,185507,182344,182447,182546
157493,158448,157566,158513,157644,157724,187005,187135,187250,182275,182369,182468,182568
157484,156503,157558,157635,157717,185315,185424,185516,182271,180374,182364,182463,182564
157426,158400,158459,158520,158594,188612,186886,188711,187010,188818,183971,184054,184140,184241
157428,156442,157499,157574,157649,185221,185324,185437,182058,182194,182289,182384,182484
157379,156390,157441,156460,157510,156538,157584,156631,157658,185142,183465,185228,185329,182064,180121,182199,180297,182296,180415,182386,180543,180686
157313,158283,157391,157456,157523,186690,186798,186903,181945,182089,182227,182327
157252,157326,157402,157468,185071,186705,185158,186810,181737,181846,181968,182116,207871,207334,207971
157203,158174,157273,158244,157345,158323,157418,158383,186718,181753,183518,181858,183643,181981,182133
157207,156246,156310,156371,179615,179720,179825,179948,206596,207164,206671,207221,222934
157191,156237,156297,156357,156431,183392,179797,179924,180062,206727,206826
157100,158070,157171,157237,157304,181505,181580,181692,181801,207585,207643,207706,223068,223278,231105
156977,157017,157072,157129,157185,181458,181517,181593,181700,207590,207648,223020,223069,231110
156884,156945,156996,157038,181233,181308,181374,181432,110767,207478,222981,231053,413046,413085,423166,423214
156876,156940,156991,157034,181303,181367,181425,110760,110217,207469,206985,207519,222978,231048,231071,413032,413076,423154,423202
156657,156753,156849,183791,183928,180470,180612,180748
156509,156600,156691,156780,183689,183826,183961,180270,180393,180525
156443,156524,156614,156700,183576,183700,183837,180113,180285,180408,180542,180684
156383,156457,156537,156630,183466,183587,183713,180131,180307,180426,180558
156338,156419,156489,183379,183499,179905,180042,180196,180361,206792,206929
156330,156409,156482,156564,183375,183493,179897,180034,180185,180350
156133,156204,156261,156320,179569,179642,179739,206522,206574,222682,222731
155950,156004,156062,156120,156180,179400,179457,179531,179607,206414,206999,206460,206510,222845,230839
155547,155646,155763,155878,182013,180081,182162,178624,178740,178876
155502,156510,155587,155677,155790,181900,182040,178441,178548,178661,178777
155500,156515,155583,156602,155673,156692,155786,156778,181898,182038,182180,178541,180382,178651,180511,178764,180654,178906,180783
155449,155518,155601,155696,181812,181919,178333,178473,178575,178684
155443,156445,155511,156526,155595,156618,156703,181811,183580,181918,183705,178332,180124,178471,180301,178574,180422,180556
155444,154443,155509,155591,155680,155791,179852,179968,180103,178439,176748,178547,178656,178774,178909
155452,154458,155522,154555,155603,154645,155699,179751,179863,179982,178335,176642,178474,176776,178581,176892,178689,177002
155442,154448,155508,154545,154638,154729,178059,179853,179970,180106,178448,176758,178554,176876,176984,177093
155396,155462,155525,155606,181709,181818,181925,178219,178350,178485,178589,178701
155274,155350,155421,155480,155542,181625,181720,178109,178244,178379,178508
155171,155238,155307,155382,177781,177903,178027,178171,222198,222289,222396,230455
155167,156190,155237,156256,155312,177718,177800,177924,178055
155165,156183,155232,156249,155301,155377,177773,177897,178022,178163,222191,222282,222391,230452
155017,155078,155141,155211,177575,177635,177694,177772,222012,221506,222052,221546,230332,236715,422329,422364
155022,153920,155080,153988,155137,155206,177670,175970,177739,176056,177823,177938,221553,221598,221648,230134,236506
154986,155988,155032,155085,155142,155210,177622,177679,177748,177833,222068,222130,230394,236742
154978,155987,155025,156045,155082,156104,155139,156163,155209,177669,179497,177738,177820,177936,222112
154594,154689,154782,154878,178294,178416,176840,176946,177059,177172
154522,154625,154716,154802,178193,178306,178429,176861,176970,177077,177185
154374,154464,154561,154652,177949,178077,178212,176528,176659,176785,176907
154029,155176,154113,155241,154199,155310,154293,154372,177783,176104,177906,176235,178030,176355,176496,221167,221677,221755,230221
153826,153885,153942,154012,154090,175841,175917,175993,176082,221012,221056,221113,229894,236490
153525,153599,153682,153759,174866,176611,174972,176730,175151,175257,175354
153472,152464,153559,152550,153634,174655,176388,174776,174887,174996,173248,175089,175195,175291
153476,154539,153560,153639,176390,176511,174898,175007,175099,175206
153401,154455,153493,153569,176282,176400,176520,174791,174909,175015,175109,175219
153251,153334,153420,153511,176178,176286,176409,174815,174924,175030,175126,220327
153195,154238,153276,154334,153359,153444,176197,174594,174721,174848,174955,220193,220754,220284
152924,151910,152984,153048,153110,153189,174328,174409,174539,174652,219971,220045,220114,229388,229194
152829,153824,152889,153886,152945,153010,174069,175788,174137,175858,174212,174294,107593,220400,220458,229663,229480,229688,229517,236216,421504,421576
152544,152629,152705,174769,172964,173087,173224,173237,173345,173444,173527,173640
152397,152481,152567,174558,172748,174668,174785,173114,173267,173373,173456
152399,152484,152572,172750,172864,172980,172985,173121,173275,173380,173470
152385,152470,152557,152637,172856,172972,173094,173251,173353,173447,173535
152382,152468,152556,152635,172855,172971,173093,173245,173347,173445,173530
152350,152430,152511,174460,172656,174575,172771,172893,173018,173157,173307,219743,219832
152248,152337,152419,152503,174449,172646,172762,172872,172997,173131,173285,173389,219287,219794
152189,153269,152269,153352,152355,152438,174470,174585,174587,172788,174711,172909,174841,173034,173171,220176,219668,219761,219848
151916,151982,152041,152115,172388,172468,172549,172633,219492,219535,229165,235707
152878,151869,152939,151930,153002,151996,153067,152053,174121,172342,174198,172407,172484,219420,219471,229106,229138,235701
151490,170063,151575,170139,170212,170300,206323,206365,204729,204827,204924
151483,151571,151669,151764,171372,206318,171509,171689,171794,171886
151426,170004,151518,170078,151602,170151,151690,171269,206290,171383,171517,206369,171605,204641,171705,204735,171808,171901
151417,151508,151592,151683,171266,206287,171381,171516,171606,171706,171811,171904
151379,169950,151450,170034,151537,170108,171081,206239,206277,206312,171426,204454,171555,204590,171647,204688,204784
151133,151201,151273,151354,171010,171016,171241,171362,218152,218629,218723,228628,228450
151131,151195,152200,151266,151345,151413,171001,171118,171222,171334,171472,218674,218775,218868
151128,169714,169790,169855,169929,206232,204146,204262,204376,204508,218197,218265
151082,152076,151157,152157,152241,170863,172516,172608,172729,219000,219059,228953,228772,235608
151097,151165,151236,170867,170953,171059,218037,218479,218083,218544,218137,228438,235236
151022,151093,151161,151232,170862,170947,171057,171164
150880,169451,150936,150998,151059,170712,203732,170776,170843,170911,217943,218386,217988,218420,218031,228353,228389,235213
150879,150934,150991,151057,170710,170775,170841,170910,218384,218417,218468,228752,235434
150798,150849,150898,150953,170587,170665,170738,170798,105438,218376,228524,228707,235408,410829,410870,420718,420759
98016,169364,169425,169478,203618,203702,203781,203852,121676,217469,228190,235054,418170,418223,429114,429168
98012,169367,169429,169485,203620,203705,203783,203851,121675,217467,228026,234935,417937,417970,428833,428873
98001,97330,168414,168465,201731,201796,201862,201931,121080,227617,234512,399624,399677,407856,407914,417548,417579,428402,428426
97939,203309,201625,203376,201689,203459,203529,203599,121588,121636,136385,234744,392400,392437,399833,399872,408111,408137,417846,417865,431309,431321
97523,96870,104263,120775,135831,149450,149448,319681,319711,318437,318455,345666,345677,366013,366016,365684,365690,379373,379376
97449,34103,34172,34256,121772,121211,121207,136431,85589,239976,240003,247048,247072,254899,254917,263468,263503,276734,276749,288121,288139
97395,7883,34218,34288,34371,34444,121176,78124,85455,254828,254861,263390,263431,273064,273088,284078,284105
97400,6768,7876,6845,7946,32341,34273,32423,34354,32505,34423,32603,120625,120613
97389,6772,32287,34222,32378,32457,120659,121197,136106,85300,247029,247063,254848,254889,263443,263482,273105,273135,288184,288202
97364,96720,6755,6831,6907,32359,32442,32529,120648,77907,85177,255051,255080,263635,263666,273346,273372,284088,284117
97335,168408,168461,201789,201854,201925,121077,227803,227825,234627,234647,399813,399850,408052,408092,417775,417818,428653,428688
97247,201480,201543,201607,201672,121022,136045,136046,149623,149884,320463,320480,385704,385725,392502,392517,401716,401722,410300,410302,420104,420111
96955,104364,104008,120291,135167,149274,149055,318660,318684,345172,345193,365467,365470,379124,379125
96936,96273,103987,119733,134773,149038,317469,317489,345132,345146,379629,379632
96770,32282,32364,32447,32528,120641,120057,77708,77741,85045,263818,263848,273527,273582,284611,284635
96680,166590,166644,198477,198546,198616,198684,119432,226959,233991,398991,399035,407208,407251,416845,416874,427557,427584
96654,198392,200057,198446,200106,200153,200216,119418,119957,134567,234189,391913,391940,399273,399299,407496,407514,419716,419728,430930,430946
96667,166603,198483,198551,198618,198685,119434,227124,226957,227137,234109,234124,407435,407461,417078,417098,427832,427855
96534,95899,103834,118791,133859,134182,148049,316604,316624,315473,315487,343354,343366,364412,364423,386870,386880
96505,95856,103794,118755,133842,148026,147813,315371,315394,342669,342675,363684,363690,378142,378146
96313,103686,119232,134433,148261,316395,316422,343222,343242,364325,364329,378479,378485
96174,30294,28622,30351,28688,30427,28748,30493,28813,30571,118984,77142,84640,84514,264246,264295,274089,274130,285162,285195
96150,28435,30189,28493,30233,28552,119080,119074,134316,148142,148399,315903,315920
96053,165647,165721,165781,196841,196927,197005,197079,118338,226665,233772,233656,406967,407000,416560,416595,427269,427288
96038,166588,165667,165736,196794,198543,196858,198614,196939,197018,118899,226801,226826,233869,233988,233885,398993,399033,407210,407247,416840,416866,427557,427585
94982,102904,102523,116952,116366,132379,146499,311626,311645,340439,340448,361947,361955,377132,377137
94727,162747,163806,162809,163878,162896,163957,164028,191432,193357,191510,193434,191589,193504,193585,116160,212425,225542,225724,232945,415475,415515,425977,426026
94659,191279,193199,191348,191420,116101,131592,232902,232914,390675,390719,397839,397880,405947,405974,415390,415407,429925,429942
94616,193200,193273,193332,193404,116716,225885,233159,398211,398247,406330,406379,415821,415850,426349,426386
94609,102425,115977,131517,145855,145602,310932,310956,339530,339544,361039,361046,376733,376739
94530,93843,115423,114881,130791,145072,308558,308576,337609,337625,359468,359478,375341,375361
94498,102701,116498,132143,146319,311901,311929,340045,340054,361719,361723,377051,377054
94513,102344,115408,131480,131119,145574,145327,309711,309720,338281,338290,359992,359995,375818,375819
94416,102792,102423,116008,116033,131882,131545,131888,145885,311184,311200,384469,384478,393322,393336,400838,400849,409285,409303,419092,419104
94354,102642,102291,115895,145819,145561,310802,310824,338831,338841,360315,360318,375815,375817
94329,102255,115353,131080,145291,309582,309596,338199,338209,359963,359964,375785,375790
94181,93479,21331,21377,21432,21488,115214,130950,145160,309011,309022,241980,241995,249357,249371,259203,259214,268212,268226,278419,278429,289961,289970
94044,162755,161796,162817,162905,191377,189632,191446,191527,191618,115589,115634,225372,232829,405876,405908,415273,415314,425776,425808
94037,161791,161856,161918,161977,189697,189778,189848,189910,114524,210971,211013,224873,232430,414720,414777,425116,425161
94014,161808,161872,189571,191390,189650,191458,189723,189802,115069,225193,225214,232696,232715,405888,405916,415324,415346,425789,425817
94008,161818,189500,189586,189666,189738,115035,114480,130561,232583,390496,390533,397668,397701,405740,405759,415166,415177,429696,429710
93347,187892,187950,188007,113938,113396,129548,232135,389950,389986,397115,397149,405061,405089,414354,414374,429312,429333
93112,101575,113758,129738,144218,144001,307211,307228,336265,336276,359075,359085,375304,375306
92991,92353,101212,113213,129386,143515,306042,306057,335729,335736,358464,358467,374805,374810
92951,101502,113731,130042,129717,144207,307154,307185,336244,336256,359056,359064,375137,375139
92897,92249,101086,113111,129308,129305,143660,305694,305721,335429,335438,358280,358286
92736,158765,159694,158829,158896,158954,184651,186247,184717,184792,184860,112400,209035,223966,231704
92703,92058,158792,158856,184604,184680,184745,112377,223736,231548,404403,404455,413557,413609,423795,423832
92611,91941,184385,184428,184476,184525,184585,112338,128570,128240,142646,231506,382888,382921,389469,389510,396648,396671,404524,404547,416935,416942,427626,427642
92100,17729,17800,17875,51714,51786,51864,51944,112964,74522,82409,259620,259660,268721,268764,279081,279111
92028,157861,182787,182871,182948,183023,111290,111343,127543,223353,231261,231285,396384,396423,404274,404301,413385,413407,423580,423593
91749,100515,111084,127733,141995,302534,302549,332387,332394,356118,356124,373339,373346
91452,16791,15900,49926,48267,50007,48328,50092,111431,127922,127562,81751,81629,244427,244466,252029,252063,260412,260439,269592,269619,281530,281541
91441,15880,15943,15997,48360,48419,48497,48571,110800,57620,73594,73394,81499,81658,269475,269520,279866,279950
91435,16773,15885,16834,15946,16896,49989,48311,50074,50152,50239,111410,73567,73759,73792,81757,81783,260332,260384,269542,269568,279978,280012
91439,15875,15933,15991,16056,16109,48470,48542,48619,48694,57626,57671,57724,73439,81560
91404,156892,156949,156998,157040,181299,181365,181420,181491,207460,206971,207498,207004,207545,207050,222992,231082
91384,90720,156909,155938,156971,181083,179185,181185,179248,181268,179325,181348,110201,126569,222784,230802,395812,395846,403603,403651,412659,412688,422745,422773
91363,156915,157860,181077,182852,181176,182938,181262,183010,181338,110735,223162,231041,403994,404025,413071,413118,423236,423258
91341,90665,180957,179083,181033,179146,181122,179213,181224
91067,90394,100160,99812,109968,126382,141048,140804,299379,299404,330474,330488,354751,354754,354358,354364,371924,371929
90989,90290,99995,46306,46361,109850,126289,140711,140710,298983,298999,238303,238325,245274,245282,254563,254579,263072,263103,272717,272724
90988,90285,46274,44498,46325,44543,46382,46434,46492,109806
90943,100085,110468,126699,141286,300357,300378,331059,331073,355436,355449,372551,372554
90890,90206,46416,44618,46479,44677,46543,44734,46605,109793,126243,81076,244969,245003,252597,252621,261058,261080,270330,270339,282982,282994
90745,14924,14989,15051,46553,46629,46703,46781,109747
90629,90022,177275,179020,177332,177376,177430,109151,109188,125901,236792,382158,382177,388554,388586,395703,395727,403498,403519,414381,414402,424709,424736
90482,99836,109973,126379,140799,299353,299369,330456,330464,354723,354735,372104,372110
90470,99883,109510,126431,126106,140836,299506,299527,329953,329974,354450,354456,371986,371988
90395,99793,109451,126054,125730,140318,298191,298211,329180,329202,353244,353253,371012,371015
90157,13917,44714,44776,44845,109278,125923,80749,87492,252784,252821,261224,261266,270513,270541,281217,281241
89976,89344,175498,175565,175624,175676,175731,108092,124896,236292,395279,395335,403067,403097,411942,411986,421996,422016
89910,99597,99268,108497,107982,125146,125149,139666,297250,297271,327886,327893,352694,352703
89898,99569,109040,125449,139886,297129,297154,327822,327834,352621,352625,370726,370733
89808,99513,108434,125423,139859,297075,297100,328493,328508,352961,352966,371059,371067
89765,99098,107852,124677,139344,295716,295733,327052,327059,326411,326422,351385,351392,369909,369914
89708,99074,107836,124669,139339,295710,295728,326397,326408,351383,351391,369907,369912,369749,369751
89515,12878,42995,41135,43047,43107,43181,108243,124915,86972,245701,245719,253357,253385,261811,261829,271305,271317,285260,285283
89367,88769,152825,173891,173967,174034,174101,174172
89291,99245,107391,124420,124103,138918,294779,294808,325826,325853,350677,350680,369471,369472
89227,98854,107363,124076,138894,294675,294696,326463,326473,351421,351431,370118,370120
88873,10729,11787,39346,41136,39416,41214,39503,41284,39585,107141,123910,86566,245884,245919,253546,253582,262023,262067,271559,271583,286060,286083
88837,10702,10773,10844,39473,39551,39645,39732,106549,79429,86464,262203,262248,271704,271757,282563,282593
88835,10694,10766,10839,10909,39531,39620,39703,39786,106514,69574,79451,86477,86501,271666,271714,282474,282530
88781,173842,172110,173914,172172,173988,174059,106411,107012,123888,123892,235764,387871,387905,394893,394932,402676,402709,411505,411524,422512,422532
88788,151814,172107,172166,172228,172284,106408,123167,123541,235629,387716,387746,394715,394740,402464,402492,411231,411246,422021,422027
88525,98584,106304,123458,138236,137996,137999,292497,292519,324586,324593,382128,382135,388521,388533
88218,9829,9884,9936,9991,39602,37876,37951,38018,38096,69047,69084,69117,79269,79299,86380
88123,170459,203434,170506,203509,170564,203581,170634,203660,122152,122200,137092,228316,235028,400158,400190,408475,408511,418270,418295,429275,429289
88058,98301,105274,122439,137282,291029,291076,323218,323226,348915,348921,368494,368499
87906,98289,105285,122462,122470,137307,137310,291223,291252,323335,323350,381483,381489,387834,387841,394853,394861
87917,98176,105176,122375,137220,322115,322131,348322,348325,368054,368057,380808,380813
87822,97618,104710,121958,136587,150424,321063,321079,347729,347738,367468,367472,380499,380506
87671,97427,34086,34158,34243,34315,121750,121198,136417,85444
19333,578,19410,652,19509,739,19614,820,56381,20629,20766,20885,54613,20995,54710,21107,54813,21210,54931
19276,19347,19428,19525,56335,56396,56447,54527,54630,54731,54831
19283,18333,18410,18489,56072,56122,56174,54419,52708,52831,52944,53067
19280,510,19348,592,19427,663,19524,750,20524,20638,20776,54523,20901,54624,21006,54722,21115,21221,21326
19101,311,19156,366,19212,19266,56291,20367,54023,20369,54129,20472,54241,54361,60898,60351,60968,61050
19003,19065,19128,53817,53900,53971,54082,60724,60183,60244,75000,82738
18904,17879,18964,17953,19016,18020,19072,19129,53876,52108,53951,54057,54162,59693,60265,59760,59825,74641,74697
18909,130,18971,182,19029,240,19091,306,53697,20068,53772,20134,53850,20210,53932,20279,60672,60714,74951,82712,82733,278655,278700
18743,18808,18878,18944,53579,53656,53732,53796,113471,60101,74753,82568,82432,268465,268506,278685,278750
18231,18290,18351,18423,18506,56084,56132,52590,52715,52840,52950,53073
17941,19001,18006,19062,18085,19124,18159,19180,53883,52122,53955,52206,52323,59650,59714,59777,74403,74603,74468,74655,82345
17830,17902,17974,18047,51893,51985,52074,52162,59549,59592,74366,74550,82318,278919,278996
17821,18910,17894,18967,17961,18027,18104,18172,52123,52204,52314,52442,59703,59766,74457
17537,16589,17604,16656,16732,55589,55626,51166,49462,49556,49641
17364,18319,17432,17506,17579,55893,55700,55940,55734,55996,51025,52798,51111,51209,51305,51406
17121,17197,17273,17354,50514,50631,50761
17119,16222,17190,16291,17264,16363,17346,16434,55511,55664,50603,48913,50723,49042,50855,49159,50974,58375,58487,58593
17070,17139,17212,17283,50413,50518,50632,50759,58843,58921,74119,74284
17059,18054,17133,17208,17284,50423,50538,50652,58744,58795,58862,74079
17005,17073,17140,17214,17289,50416,50523,50638,50766,58773,58269,58846,58924,73927
16806,17770,16865,16928,16989,17053,50168,50254,50325,50398,58664,58694,74024,74211,82099
16747,17705,16810,17777,16867,17847,16935,17914,16993,50177,51892,50264,51982,50332,50405,58633,58671,58707,74036,81959
16486,15639,16546,16610,16672,55561,55382,55600,55430,55639,55477,49394,49484,49577,49662
16224,16297,16371,16441,48808,48939,49063,58270,58347,58433,73729
16115,16181,16237,16313,16384,48703,48810,48936,49059,58333,58414,73711
16066,16133,16201,16259,48583,48658,48744,48856,57744,58207,57785,58260,73651,81728
15579,16490,15649,16556,15713,16618,15790,55392,55441,55487,47590,47689,49406,47783,47887,47986
15581,14601,14678,14764,14841,55221,55048,55258,55090,55298,55136,45795,47685,45918,47777,46020,46137,46256
15580,14596,15648,14669,15711,15787,55219,55255,55295,47678,47772,47877,47976
15527,14546,15593,14611,15665,14686,15727,14771,55202,55230,55267,47496,45686,47605,45816,47702,45935,47802,46037,47905
15458,14481,15537,14558,15602,14626,14702,55168,54985,55210,55027,47403,45597,47519,45718,47627,45840,45968,56971
15467,14487,15545,15617,55142,55180,47312,45503,47429,47543,47648,56919,57012
15346,14368,15417,15500,55163,47083,47218,47347,47460,56768,56870,56968
15344,16276,15418,15502,47084,48795,47223,47348,47462,57372,57450,73305
15227,16172,15298,16236,15377,16318,46915,48645,47010,48727,47134,48844,57207,57284,73238,73295,81426
15174,15250,15311,15388,46914,47007,47130,47272,56672,57269,57342,73102
15016,15961,15074,16022,15135,16080,15199,16141,15275,16208,46853,48586,46931,48659,47024,48743,47148,48855,57743,57212,57784,57285,73236,73462,73520,81415
14916,15866,14976,15929,15035,15988,15098,16054,15159,46676,48400,46757,48475,46828,46900,57052,57086,57133,73207,81232,280458,280517
14233,14312,14386,14456,14532,45430,45534,45652,72520,72605,72703
14176,14250,14332,14409,45216,45338,45453,72477,72555,72965
14117,15177,14188,14266,14345,45062,45147,45245,45371,72331,72376,72444,80846,87567
14116,15182,14186,15261,14267,15325,46857,45069,46940,45159,47038,45254,56591,56648,72857,72900,81025
13991,14074,14145,14218,14292,44999,45081,45164,45255,72336,71835,72381,72447,80647,87465
13987,15073,14064,15137,14139,15200,14208,15276,14288,46858,45073,46938,45157,47034,45249,47159,56579,56633,56689,72884,73067,81179
13545,14600,13623,14675,13705,14762,13786,54275,54393,44098,45796,44183,45920,44289,44388,44494
13538,12472,13615,13697,13776,13861,52547,52666,52784,44161,44267,44365,44462
13543,12486,13624,12572,13706,12652,13787,12741,52445,52562,52683,44105,42429,44190,42528,44292,42636,44391,42728
13489,13559,13639,13723,54182,54287,44005,44121,44202,44304,44402
13417,14479,13497,14557,13570,14623,13645,14694,13727,14775,54084,54973,54186,54291,44004,45695,44119,45823,44199,45939,46045,46162
13284,13355,13446,13524,54004,52251,54103,52360,43798,43923,44042,44157,71647
13180,14245,13256,14328,13327,14406,43512,45217,43626,45340,45455
13176,14239,13246,14320,14400,14468,43493,45203,43607,45327,45441,45550,72460,71955,72031,72115,80716
13178,12105,13253,13329,43438,43520,43635,43758
13110,14174,13182,14242,13255,14323,13326,14401,13404,43504,45208,43616,45331,43737,45445,43845,45554,71970,72044,80733
13060,13125,13196,13276,43378,43457,43541,43649,71411,71457,80296,87059
12998,14058,14136,14203,14281,45077,45161,45253,72338,72388,80857,87541,87575
13007,13080,13149,43252,43336,43416,43486
12893,13936,12971,14016,13038,14103,43130,44804,43216,44884,44974,45053,108733,80551,87364,261186,261247,270441,270492,281157,281191
12887,13926,12965,13034,13102,43193,43265,43348,43423,108712,108187,71767,71800,80410,80430,87131,281640,281685
12610,12706,12804,50990,52770,42583,42678,42784
12488,12574,12654,50670,50788,50908,42432,42532,42637,42729
12367,11353,12437,11430,12511,12594,50572,50682,50806,42141,40474,42290,42457,42552,42656
12179,12260,12342,12416,50495,41809,41929,42057,42204,70959,71069,71175
12043,12128,12218,12301,41639,41731,41859,41981,70267,70812,70326
11979,12055,12142,41572,41663,41755,70791,70838,80121,86927
11910,11983,12060,12145,12232,41566,41657,41746,41875,70230,70771,70285,70347,79909,86798
11756,11817,11897,11963,41310,41393,41474,41548,107630,70688,70736,80041,86867,86901,271144,271199,281941,282025
11745,12896,11806,12969,11880,11948,12021,43259,41453,43341,41531,41613,71271,70677,71303,70721,71347,80259,87036
11478,12552,11574,12636,11656,12726,11736,50897,49190,51008,49295,40644,42502,40737,42609,40834,42700,40933,42818
11461,10472,11563,10529,11640,10592,11729,47469,49183,47572,40720,38928,40822,39028,40923
11412,11502,11590,11670,47382,49088,49202,49305,40655,40747,40849,40943
11404,11494,11584,11663,49085,49199,49302,40654,40749,40853,40946
11400,11486,11580,11661,49083,49197,49300,40651,40743,40846,40942
11407,10421,11495,10488,11586,10551,11666,10614,47388,47487,47588,40577,40662,38876,40759,38965,40857,39062,40952
11347,11425,11597,48981,49099,40462,40592,40678,40772
11292,11360,11436,11528,47165,48869,47290,48985,49103,40472,40598
11284,11355,11431,11521,11603,48982,49100,40465,40593,40677,40770,40874
11230,12314,11301,12385,11377,12456,12528,50471,48768,50580,50692,42018,40377,42156,42310,42471,42576,70624
11234,10252,11305,11380,11452,47060,48770,47180,48885,47303,40269,40384,40495,40619,69992,70093
11227,10248,11302,10321,11379,11453,47062,48771,47185,40276,40390,40501,40629,70009,70119
11162,11242,11313,11389,47065,48777,48890,40281,40389,40500,40628,70002,70104
11038,11120,11202,11280,39949,40073,40198,40322,69803,69886,69989,79787,79584
11039,10093,11123,11205,39866,39971,40088,40217,69760,69836,79758,79548
10983,11057,11137,11213,39957,40079,40203,40326,69808,69894,79793
10981,11060,11141,11221,39885,39984,40100,69714,69775,79713,79509,86542
10980,10046,10109,10166,10239,38111,38196,38305,38422,69196,69269,79337
11050,11134,11217,39877,39979,40099,69711,69774,79508,86543
10863,10934,11014,11086,39739,39825,39916,40012,69619,69678,69731,79680,79484,79737,79522,86520
10857,10926,11006,11080,11159,39812,39902,40000,40120,69667,69719,69781,79718,86690
10861,9955,10929,10011,11003,10069,10125,10184,39876,38120,38203,38311,38426,69200,69273,79339
10809,11866,10886,10954,11031,39671,39754,39845,39943,70177,69595,70220,69648,79659,86647,282454,282498
10745,10821,10894,10967,39609,39691,39779,106512,69573,79643,79454,86478,271674,271729,282490,282539
10738,11796,10810,11872,10885,11940,10953,12013,11028,12092,39664,41438,39747,41511,39836,41591,39931,70171,70215,70262,79696,86641
10739,9856,10812,10887,10955,11030,39666,39750,39838,39934,69590,69635,69694,79499,86504
10682,10753,10828,10897,39613,39695,39781,106513,69571,79452,86342,271950,271987,282785,282815
10686,10760,10833,10905,39532,39623,39708,39793,106523,69582,79415,79460,86348,271670,271735,282482,282546
10684,9812,10755,9869,10829,9925,10899,39525,37794,39618,37884,39699,37961,39784,106515,105977,69576,79456,86344,271671,271732,282487,282541
10432,10494,10559,10617,45577,45679,45791,38803,38877,38966,39061,39159
9859,9918,9975,10033,37869,37948,38021,38099,105971,69056,69095,79250,79055,79280,86234,282779,282822
9569,9647,9725,43856,43975,44089,37088,37202,37296,37407
9559,8607,9639,8704,9715,9800,43966,42224,44082,42388,37189,35456,37286,37396
9514,8545,9586,9659,9735,43762,41984,43873,42117,43989,37011,37111,37217,37319
9451,8464,9523,8548,9592,8647,9665,8737,43766,41989,43879,42125,42266,37015,35316,37115,35401,37221,35507,37322
10261,9426,10331,9482,10404,10470,45281,45397,36701,38478,38610,38736,38860
9312,8291,9376,8361,9435,9492,43581,41787,43686,36588,34885,36712,36834,36950,68356,67919,68446,68550
9305,8287,9369,8356,9430,8441,9485,8519,43575,41782,41900,36702,35006,36823,35124,36939,37072
9255,8235,9323,8303,9390,8374,9445,36506,34788,36615,34918,36739,35045,67826,67895,67970,78639
9213,8194,9271,8252,9333,8320,9402,8396,36404,34686,36514,34800,36629,34931,36747,67846,67907,78606,78659
9160,9218,8200,9275,8255,9335,9401,36503,36611,36733,36851,68322,68383,68473
9114,9174,9237,9293,36351,36432,36535,36646,68199,68248,68302,78790
9067,9952,9124,10009,9182,9245,36301,36370,36449,36552,68172,68214,68266,78772,85917
9025,9086,9145,9203,36198,36260,36325,68096,68130,68163,78731,85970,85863,85995,283389,283435
9018,7960,9078,8049,9134,8127,9194,8183,36189,34454,36249,34523,36317,34597,36391,34676,67659,67707,78554,78586,85660
8919,8982,9046,9103,9159,36145,36213,36278,36340,104924,68107,68138,78701,78742,85773,283405,283465
8620,8715,8809,8906,40438,42233,40557,42398,35373,35476,35592,35696
8619,8713,8808,8905,42231,42397,35370,35471,35591,35694
8533,8624,8719,8815,8908,42230,42393,35462,35576,35677
8530,8627,8725,8825,42104,42247,42410,35384,35488,35607,35710
9464,8483,8570,8667,41881,42005,42138,35207,35333,35427,35530
8036,8112,8169,8228,34515,34586,34663,67250,67295,78227,78408,85524,85551
7511,6429,6531,6624,6707,36862,36980,31749,31859,31965
7456,7546,7638,7740,38432,38556,38676,33467,33579,33689,33804
7455,7544,7637,7739,38554,38673,33464,33574,33684,33799,33929
7443,7532,7623,7726,38535,38667,38789,33564,33673,33793,33916
7446,6359,7534,6448,7629,6543,7731,38538,38668,38790,33562,31658,33672,33791,33912
7332,6243,6319,6395,6499,36561,36670,36784,31356,31486,31609,31712,31817
7334,6240,7406,6317,7475,6392,7563,6496,36562,38337,36672,38449,38575,33266,31354,33379,31485,33499,31608,33608,33718
7166,7245,7318,7385,32949,33082,33213,33321,66919,66987,67084
7168,6081,7248,6161,6232,32838,30926,32968,31043,33104,31170,31307,66254,66331,66405,77835,77632,77889
7108,8199,7177,7259,7329,32848,32979,33115,66836,66894,66952,78049
7008,7084,32535,32640,32730,32819,66684,66726,77766,85094
6912,8031,6998,8110,8171,8230,34519,34592,34668,67194,67258,67302,78186,78380,78235,85532
6909,5848,6996,5908,5974,6056,32625,30712,30803
6436,6537,6631,6716,35055,36870,35174,36989,35289,31656,31762,31872,31978
6298,6377,6477,6568,36656,34959,36774,35079,31465,31591,31698,31802
6296,7459,6375,6476,6566,36657,36775,33359,31463,31588,31696,31801
6187,5259,6260,5347,6329,5427,6409,34745,34860,29407,31243,29560,31383,29706,31508,29832,31633,65445,65551
5846,6989,5902,5968,6045,6117,30772,32779,30868,30949,31063,66223,66290,66350
5457,4473,5540,4557,5612,33237,33339,33456,29855,28061,29954,28178,30055,28285,30164
5388,4413,5471,4495,5550,4577,5623,4651,33133,31185,33247,33350,29777,27973,29870,28078,29966,28198,28314
5252,4279,5336,4364,5411,4443,4525,33022,31089,33153,31210,29532,27748,29670,27880,28004,28121,28236
5182,5261,5346,5424,32907,34735,33033,34849,34980,29551,29694,29819,29915
5135,5209,5291,5376,32933,34757,34875,29291,29429,29576,29717,65452,65553
5132,4165,5205,4224,5282,5368,32928,33047,29416,29569,29710,29836,64963,65077
4969,4020,4078,4141,4207,27372,27489,27600,64255,64796,64325,64864,76940
4879,5855,4938,5915,5008,5985,28892,30658,28968,30745,30831,119476,118939,65116,65594,65633,77361,77177,84667,84698,273753,273812,284769,284837
4814,3889,4883,3935,4937,3991,5003,4051,28939,27175,29014,27252,27332,27410
4468,4550,4628,4704,31431,31544,28166,28268,28384
4336,5390,4414,4497,4578,4650,31324,31447,31561,27969,28074,28194,28301,28421
4335,3552,4416,3621,4502,4584,29371,31191,29509,31333,29644,26137,27860,26259,27986,26349,28090,28210
3976,4026,4084,4148,27293,27384,27496,27615
3968,4024,4081,4146,4210,27373,27488,27599,64252,64322,76746
3926,3985,4041,4095,4159,27231,27306,27394,27505,63722,64156,63766,76526,76564,84093
3591,3657,3727,3784,29618,27836,29745,27946,26407,26499,26619
3607,4478,3671,4559,3736,4639,29491,29628,29759,26321,28062,26423,28179,26522,28284,26643,28405
3503,4345,3569,4425,3632,4510,3696,29377,29518,26144,27865,26266,27989,26352,26452
3502,4344,3567,4424,3630,4506,3695,29374,29512,26140,27858,26260,27981,26346,28085,26443,28205,26551
3499,3566,3633,3697,29250,27511,29380,27628,29521,26157,26274,26372,26465
3494,4337,3557,4418,3625,4504,3691,4585,29370,31189,29507,29643,26136,27855,26258,27980,26345,28083,26442,28206,28326
3346,2362,3411,2451,2520,2590,27437,25865,24085,24218,24354,24479,62962,63429,63059,63497,63157
3296,2307,3359,2376,3421,2462,3484,2529,27444,25755,23976,25877,24093,25976,24226,24365,62904,63382,62986,63080
3240,4063,3303,4125,4194,4255,4334,25758,27458,27572,27685,27829,63821,64291,63879,63949
3186,4012,3251,3316,3383,25667,25782,25897,26009,63791,63834,76589,76421
3123,3974,4039,4094,27169,27246,27329,27413,64091,64134,76666,84176,84213
3032,3087,3154,3230,3290,25490,25559,25633,25717,63653,63227,63695,63735,76338,76377,83946
3028,3085,3149,3225,3288,25488,25555,25627,25710,63273,63314,76204,83820
3027,3885,3082,3929,3147,3987,3219,4045,3281,3341,25538,27223,25607,27298,25693,25813,63717,63760,63810,76386
2903,3798,2979,3853,3048,3903,3102,3948,3171,25436,27130,25506,25576,63625,63678,76323,76356,83940
2906,1943,2981,3049,3103,3169,25432,25503,25572,25647,63205,63249,63286,76180,76351,83808,83837
2422,1514,2499,1601,2570,2643,25730,23949,25848,22331,24195,22465,24330,24460,24582,62522,62641
2108,2171,2237,2298,23713,23798,23868,62745,62784,76012,83533
2065,2123,2185,2246,23645,23722,23806,23875,62707,62748,62791,76015,83537
2112,2172,2235,2295,23707,23785,23863,23936,62774,62819,75994,76039,83555
1643,1720,1790,1864,24144,24279,24416,22690,22794,22903,23009
1636,579,1714,651,1786,738,1856,818,22411,22535,22675,22776,20991,22887,21105,22989,21207,23101,21311
1574,2552,1651,2618,1727,2702,1797,2771,25925,24161,26030,24293,22560,24425,22711,24542,22808,24628,22923
1502,2490,1592,2559,1661,2629,1742,2716,25837,24051,25933,24172
1363,2366,1459,1551,1628,23969,22235,24080,22349,22482,22622,62462,62551,62661
1298,2308,1371,2378,1465,2463,1554,2528,25749,23974,22243,24090,22357,24224,24362
1296,316,1377,373,441,501,20283,22148,20385,20495,20612,61358,61437,75412
1246,1321,1399,1493,22033,22163,22281,22396,61877,61943,75583
1236,253,1311,1389,1483,22025,22157,22274,22391,61871,61939,75580
1138,2149,1201,2217,1273,1344,21893,21978,22063,22190,61776,62308,62359,75677,75720,83316
1081,127,1147,178,233,295,348,21900,20175,21981,20248,20319,20432,61210,61269,61332,75348,83085
573,1708,646,733,807,908,22406,22527,22668,22766,20979,22877,21092,21195,21295
570,645,731,808,22405,20620,22528,20759,22670,20876,20985,21098,21200,21297
503,19342,588,19422,662,753,20527,20643,20785,20917,21020,21132,21234
502,587,661,752,22304,20525,20642,20779,20786,20919,21022,21134,21237
504,1645,585,1721,660,747,22303,22418,22547,22693,20907,21011,21124,21227
89,139,187,242,302,20114,20187,20256,20332,60726,60781,60830,74995
166694,167565,166754,167619,166818,198699,200318,198764,200373,198839,215376,215414,227164,234234,427692,427786
165242,166146,165313,165369,165443,204996,205043,205079,195982,196088,196195,196275
165022,164145,165090,164217,165158,164279,165231,164339,195591,193752,195709,193877,195821,193991,194096,213134,213204,226028
164305,164377,164439,202241,204013,202353,204120,194043,194178,194305,194458
162374,163489,162445,162521,162591,199158,199281,199394,190556,190671,190781,190876,190986
161247,160196,161323,160286,161390,161473,161544,195656,193828,195763,193932,188653,186927,188758,188871,188988,210841,210318,210931,210409
161141,161213,161288,161359,188363,188480,188595,210604,211124,210670,211196,210748,224943,225006
158762,157828,158828,157886,158895,157945,158953,184652,182976,184720,183047,184795,184865,111921,208586,223755,231568,413765,413798,424003,424036
157007,157974,157061,158026,157123,158088,157184,158154,181402,183145,181475,183217,181539,183274,183355
156325,156402,156475,156554,183360,183477,183600,180012,180157,180325,180446,206863
153461,154521,153548,154622,153623,154711,153700,154799,178191,176505,178304,176624,176743,175069,176859,175175,176965,175268,177072,175369
153471,152461,153558,152548,153632,153701,174772,174883,174989,173236,175082,173343,175189,175282,175381
151425,152447,151517,152532,151603,151692,171273,172958,171386,173080,171520,173221,171611,173330,171712,171815,171910
98028,168385,168442,168495,168547,168620,201879,201945,202011,202087,216928,216976,227846,227885,234686
97971,203228,203293,122096,122111,136683,150501,322492,322510,348569,348576,368219,368223,381217,381221,387533,387540
97836,97166,104492,120918,135954,149825,320075,320102,345918,345931,366216,366222,379711,379724
97811,104785,122005,121435,136607,150437,321099,321128,347737,347741,367777,367783,380837,380845
97796,97145,104435,120862,135913,135537,149516,319926,319952,345804,345814,366137,366144,379643,379645
97800,97149,104440,120870,135916,149789,319932,319960,346514,346527,366880,366887,380157,380164
97717,104709,121945,121387,150207,320996,321010,347031,347043,367091,367096,380117,380121
97715,97058,104389,120838,135891,149770,319850,319871,346464,346477,366852,366856,380324,380328
97699,97033,104365,120821,135879,149994,149760,319823,319832,347038,347052,367102,367109,380448,380452
97624,96972,104341,120815,135874,135485,149486,318571,318595,345734,345746,366089,366102,379428,379432
97608,96958,104305,120788,135845,149724,149723,319699,319729,346350,346366,367050,367054,380278,380282
97578,96923,104326,120805,135867,149755,319817,319828,346415,346426,366819,366827,380127,380128
97549,32015,33950,32074,34005,32143,32214,120701,121244,136147,149918,320618,320634,239997,240028,247111,247141,254963,254977,266676,266696,276770,276782,288167,288173
97494,104593,33965,34022,121271,136178,136174,149934,319508,319523,346206,346220,242491,242498,249989,250003,257991,258008
97469,104267,120785,135849,149732,319777,319799,346383,346393,366411,366433,379777,379780
97439,34094,34164,34247,34322,121202,136111,136426,136109,136425,85427,85452,247039,247069,254849,254888,263444,263491,273108,273133,288186,288200
97316,201568,201638,201706,120477,120515,135690,149627,149628,149386,319237,319257,385524,385541,392333,392360,401564,401576,410132,410140,419937,419943
97228,96613,199940,199989,200036,200078,200122,119940,134945,148896,318060,318080,385324,385362,392140,392159,399550,399568,410059,410075,419858,419868,431089,431103
97192,96539,104110,119791,135189,149067,318697,318726,345182,345197,366130,366139,379634,379637
97081,104164,119862,134888,134894,148870,317777,317801,344763,344781,344078,344093,386941,386945,393890,393896,401425,401440
96986,104354,120272,135489,149253,318575,318598,345102,345116,365752,365759,379241,379245
96991,104050,120314,135194,149296,318766,318790,345859,345878,366185,366191,379827,379828
96938,104313,120797,135856,149737,149461,319746,319765,346380,346390,366383,366400,379911,379914
96935,119694,134734,148715,317305,317341,344343,344352,364935,364940,378911,378914
96913,104233,32034,32097,120722,120710,135787,135781,149666,319441,319458,240222,240248,247368,247377,257901,257914,266756,266769,276863,276876
96874,103919,120222,135106,148987,318470,318491,317267,317293,345018,345027,365341,365346,379057,379062
96834,30344,30419,30489,30569,119519,77325,77510,77543,84781,84799,264040,264074,273804,273842,284882,284914
96685,166604,198387,200048,198448,198509,119388,134548,148631,148356,316845,316865,385150,385186,391962,391986,399329,399343,409865,409882,419681,419693,430903,430917
96609,198394,198442,198500,198567,119407,118878,134254,226967,234097,234115,399218,399256,407440,407473,417090,417109,427861,427875
96596,95948,198315,196619,198362,196669,198412,196724,198465,198523,118862,133915,134235,133916,134238,148105,233972,384982,385020,391760,391792,399076,399098,407335,407360,419612,419624,430798,430814
96564,103832,119312,134493,148305,148308,316574,316595,343972,343981,364387,364401,378743,378746,378547,378553
96518,104157,119840,119295,134857,134489,148846,148572,148573,148848,317675,317688,344655,344664
96516,103788,119271,134467,148547,317606,317623,344573,344583,365141,365147,379159,379172
96438,103732,118710,134130,148267,316394,316421,343847,343859,364712,364721,378983,378986
96394,103570,119126,134338,148419,148414,317133,317154,344203,344212,242727,242742,250242,250251,258284,258294
96352,103666,119216,134105,148242,316282,316303,343156,343166,363894,363902,378274,378277
96372,95733,103674,118674,133790,147771,315169,315193,342523,342531,363602,363609,377931,377932
96265,104037,103705,119786,119243,134826,134460,148813,148543,317610,317628,344593,344607,365569,365578,365158,365165,379182,379184
96252,103961,119706,134751,148729,317381,317401,345063,345075,365732,365741,379414,379418
96218,95560,28444,28499,28555,118527,118525,133668,133663,147687,147896,314710,314726,240859,240886,248061,248076,258462,258474,267393,267399,277469,277492
96183,103557,119156,134056,148205,316148,316177,343055,343064,363821,363833,378222,378224
96166,95526,103528,103185,28469,118571,133706,133702,147926,316037,316050,342949,342956
96117,28679,30409,28735,30480,30563,30641,119515,118978,77323,77138,77351,77170,84634,84663,264242,264279,274033,274075,285171,285190
96073,4731,4790,4846,4912,28777,28842,28913,28986,118420,64589,76975,76993,84406,274250,274288,285370,285425
96045,95432,164775,164839,164889,195250,196912,195325,195394,195467,117857,214008
95897,103479,118244,133534,147626,315467,315481,342731,342741,363735,363738,386783,386785
95848,103465,118240,133536,133543,147627,147631,314386,314397,342756,342773,386763,386778
95813,103422,118221,117658,133506,133192,147357,314315,314329,342081,342091,363385,363394,378165,378172
95785,103338,118672,118132,133778,147765,315128,315156,343125,343137,364224,364239,378604,378608
95751,103345,118158,133805,147782,315230,315257,343189,343203,364301,364307,378645,378649
95779,95137,103396,103040,117629,133171,147334,314221,314254,341999,342020,363329,363336,377983,377986
95738,103655,103289,118648,133759,147973,315068,315093,343076,343090,364209,364213,378772,378775
95716,103305,118128,133430,147764,147546,315123,315151,342497,342512,363215,363223,377925,377929
95704,103264,102927,117531,133088,147238,313900,313916,341711,341724,363513,363519,378197,378207
95681,103280,118109,133419,147536,315079,315099,342451,342477,363564,363572,378250,378254
95677,103392,118217,133508,147609,315434,315455,342706,342722,364040,364045
95671,103270,118104,133418,147533,315071,315087,342442,342472,363845,363856,378412,378418
95694,103353,117602,133156,147309,147049,314142,314164,341257,341269,362544,362549,377440,377443
95643,103359,118185,133482,147584,315364,315389,342670,342676,363998,364000,378519,378521
95602,94959,103240,102903,117523,133086,147237,313902,313918,341732,341746,363133,363152,378057,378060
95598,103285,118142,117578,133133,147292,314090,314115,341230,341247,362900,362919,362529,362535,377424,377434
95440,2924,3816,2998,3871,3070,3921,25233,26977,25322,27048,25408,27106,117365,76436,83999,83886,256191,256232,264871,264912,274795,274820,286020,286044
95330,94628,102829,116588,132205,146373,312116,312128,340174,340182,361817,361821
95287,194863,194928,195005,117145,117716,117199,117761,132893,146895,146897,313363,313387,384621,384636,393470,393489,401026,401034,409472,409484
95259,194860,194918,194991,195076,117187,117751,132907,146905,313436,313464,384584,384606,391294,391315,401018,401029,409448,409460,419262,419269,430395,430399
95251,194875,194938,195010,117148,117201,132551,146658,312308,312325,384445,384459,391154,391180,400892,400906,409363,409371,419158,419166
95223,102763,116543,132164,146339,312026,312045,340105,340120,361759,361770,377094,377096
95206,103078,102761,117067,132469,146599,313150,313171,340710,340724,362585,362595,377656,377657
95212,103034,102694,117034,116492,132441,146569,313013,313032,340602,340618,362138,362148,377402,377406
95150,103025,117609,117029,132771,146807,313038,313063,340626,340637,362156,362163,377038,377041
95154,103022,102676,117022,132435,146567,313014,313034,340603,340619,362495,362506,377609,377611
95167,102787,116574,132505,132204,146636,312151,312176,340823,340841,386609,386613,393512,393519
95108,103008,117599,133146,132762,147038,314097,314124,341935,341947,363277,363280,377956,377958
95120,102943,117535,116969,132721,146749,312825,312834,340456,340465,361950,361957,376936,376940
94946,102554,116414,132090,146271,311753,311782,339322,339329,360915,360927,376436,376440
94911,94199,102468,23158,116327,116316,131654,145945,310354,310382,339134,339146,338547,338560,243387,243397,250918,250927,259131,259137
94872,94167,23144,23207,116313,132028,146221,311513,311535,339742,339754,243216,243226,250741,250748
94792,2942,1982,3014,25155,23371,25242,23447,25326,23539,25413,116814,76092,83602,256621,256647,265307,265353,275288,275324,286562,286589
94693,163839,191326,193260,193321,193395,116085,116141,131943,225690,233031,398049,398076,406113,406153,415581,415610,426126,426146
94671,191164,191241,191312,115512,131223,131561,145655,310065,310081,384092,384109,390788,390800,400622,400641,409047,409056,418822,418830
94682,162777,191267,191336,191408,191476,116095,115566,131596,232807,390664,390711,397831,397877,405935,405969,415379,415401,429917,429941
94655,191223,191297,191363,115537,115580,131251,145680,145414,232802,384031,384062,390699,390738,397905,397925,405989,406001,418774,418788,429872,429886
94532,102420,115993,115467,131526,145629,311069,311096,339000,339012,361122,361129,386454,386457,393311,393319
94536,93852,102413,115455,131170,145371,309859,309886,338432,338447,360421,360427,386386,386389
94474,93780,102378,115443,131519,131161,145618,145620,310981,311008,338965,338975,361094,361102
94475,93768,102328,115397,131114,145569,145321,309706,309718,338842,338851,360646,360649,376472,376478
94468,93761,102301,115369,131085,145292,309580,309595,338775,338785,360560,360563,360250,360258,376289,376294
94411,102589,102230,115834,131405,145761,310516,310531,338668,338672,360168,360173,376017,376025
94382,102621,116440,132109,146290,311819,311837,339933,339952,361671,361677,377181,377184
94396,102756,115990,131860,131868,145872,311127,311145,339061,339069,386398,386406,393225,393230,400703,400708
94375,102614,102263,115863,131756,131440,145793,310678,310703,339350,339369,361258,361262,376821,376825
94352,102190,115299,131033,145218,309356,309379,338034,338045,359867,359870,375717,375719
94289,102236,115853,131435,145786,310676,310701,339373,339394,360933,360941,376447,376449
94233,102565,102215,115849,131751,145791,310686,310714,339391,339408,360947,360951,376638,376642
93990,161816,161877,189569,189648,189714,189795,114504,114548,224861,232395,232511,405392,405439,414754,414802,425206,425234
93965,161824,189641,189708,189787,189857,114537,210981,225048,232522,414716,414782,425112,425164
93943,102078,114918,114400,130461,130463,144579,308605,308626,337041,337051,359177,359184,375208,375210
93859,101967,114828,130389,144766,308347,308377,336840,336859,359376,359385,359040,359044,375289,375292
93823,102421,115471,131188,145376,145380,309939,309967,339030,339056,386398,386407,393258,393271,400769,400774
93838,102402,102048,114912,130816,130819,145089,308648,308674,337697,337717,359808,359810
93853,189311,189360,189415,189475,189551,115000,130545,130903,232578,383848,383883,390514,390547,397724,397744,405748,405774,415170,415189,429784,429794
93811,102087,189341,114961,130852,145115,310014,310045,384122,384128,393162,393171,400624,400639,409048,409055,418819,418833
93812,102012,114883,130795,130444,144803,308567,308588,337639,337658,359487,359491,375519,375522
93760,102049,114925,114404,130479,130484,144839,308735,308759,337817,337828,386309,386315,393136,393142,400605,400609
93758,102009,114366,130447,144572,307423,307447,337039,337049,359176,359187,375214,375216
93774,102377,102025,115442,114901,130810,145086,145365,309844,309867,338401,338421,360398,360409
93741,93109,101912,114276,130370,144482,308292,308306,337467,337478,359649,359656,375604,375610
93699,101977,114871,114353,130439,144805,144565,144567,308594,308616,337041,337052,359179,359188
93663,101885,114274,130373,144758,308332,308364,337490,337496,359668,359672,375775,375780
93631,93002,101850,114236,130344,144467,308236,308250,336773,336788,359621,359624,359331,359339,375572,375580
93616,102200,101828,115314,114757,131049,130706,145244,144967,309418,309441,338077,338085,360175,360179,376046,376047
93613,101817,114748,130697,144961,308204,308213,337373,337380,359878,359882,375731,375734
93619,92983,101781,101429,114163,129987,129985,144148,144410
93535,101742,19731,114692,114679,130283,144693,307940,307971,337206,337225,243525,243536,251076,251084,259252,259259
93504,101738,19727,19781,114139,130284,144398,307980,307998,336568,336577,243589,243594,251119,251128,259308,259315
93337,160858,187940,187995,188048,188109,113960,224664,224682,232248,232272,405196,405227,414502,414536,424932,424958
93264,101644,113784,129394,143731,305999,306026,334980,335000,357790,357797,374205,374207
93259,101727,187740,114411,113872,113892,129827,130162,144080,307549,307584,335922,335934,386128,386135,392919,392924,400327,400335
93258,101702,113841,129807,130138,144288,307466,307494,336461,336469,359204,359213
93111,101574,113757,129737,143999,307208,307225,305971,305987,335670,335677,358437,358442,358136,358144,374342,374345
93130,101706,187746,113871,113882,113339,129836,129498,129842,129503,144089,143820,306381,306408,383636,383651,390265,390274,400394,400410,408767,408771,418486,418494
93080,101630,101291,113266,129423,143776,143779,306155,306169,335822,335838,358850,358861,358528,358535
93088,101674,113839,113301,129462,143802,143806,306291,306327,335240,335261,385887,385903,392702,392720,400130,400139
92975,101482,113700,113150,129688,129340,143942,143684,305809,305827,336167,336180,358647,358654,375091,375096
92902,101476,113703,129700,144197,143959,307052,307079,336200,336209,359024,359029,375282,375284
92892,92237,53267,51420,53326,51479,51534,51598,113044,129266,128953,143398,304298,304308,237134,237153,243986,243996,251956,251967,260264,260274,269428,269442,280129,280136
92768,18762,17738,18831,17806,18900,53516,51718,53600,51790,53675,53745,112965,113487,74526,82412,259430,259467,268487,268523,278763,278802
92750,18757,18824,18887,53590,53666,53740,53804,113474,60103,74758,82569,268468,268501,278692,278745
92752,18759,18834,53527,53610,53686,113504,74714,82396,251265,251323,259647,259679,268802,268828,279149,279180
92617,101308,112739,128778,143025,304875,304898,334390,334400,357076,357081,373824,373827
92543,101327,112769,128815,143052,305046,305063,303868,303885,334503,334516,333906,333922,357201,357209,373881,373885,373740,373744
92547,100905,112211,128418,142761,303649,303674,333741,333749,357036,357054
92513,101234,112688,128736,142990,303600,303617,333711,333712,356657,356661,373466,373469
92532,101254,100888,112200,128405,142751,303611,303634,333720,333729,356670,356679,373483,373485
92462,101196,129038,128716,143218,304677,304702,334861,334875,357714,357719,374299,374301
92450,101218,112697,128745,142999,303646,303672,333739,333746,357032,357047,356693,356701,373496,373500
92434,101181,113162,129345,129022,143463,305807,305823,335529,335544,358334,358340,374676,374685
92414,91737,100891,112223,128447,142787,142536,303773,303798,333244,333258,356469,356476,373393,373398
92396,91710,100863,112201,128421,142764,303697,303724,333784,333796,357450,357458,374020,374021
92327,101160,112645,129023,143213,304641,304671,334862,334872,358060,358066,357715,357720,374300,374305
92312,101116,112625,128688,143197,143196,142946,304539,304582,334205,334218,357650,357655,374275,374278
92126,16781,17742,16840,17809,49991,51721,50076,51794,50154,51868,111977,112464,73950,74139,73981,74165,82048,260112,260141,269293,269319,279688,279708
92044,91417,157847,157899,157957,182978,183044,183114,183176,111352,207996,208044,223373,223404,231316,423403,423465
91971,91328,182620,182697,182770,182841,111281,127509,142135,141878,301956,301997,382764,382797,389307,389347,396686,396697,407133,407145,416717,416726,427400,427412
91926,101035,184376,111788,111811,128189,142603,303989,304011,302925,302942,333406,333417,385259,385276,392223,392228,399614,399621
91932,182668,182740,182810,182896,182963,111292,111344,127906,127542,223351,231256,231280,396373,396407,404218,404260,413374,413400,423577,423582
91937,100634,111724,111159,127776,142050,302693,302717,332542,332558,356451,356459
91916,100936,111687,128092,142515,303651,303675,333743,333751,357033,357049,373815,373817
91817,100609,111728,111163,127783,142066,142067,301659,301676,331929,331939,355938,355943,372904,372908,372675,372678
91757,100438,111022,127318,141714,141945,141713,301256,301271,331597,331613,355315,355322,238911,238921
91762,100568,111138,127413,141802,301580,301597,331868,331878,355219,355230,372371,372372,372168,372170
91727,100876,111682,128102,142528,302662,302681,333221,333236,356750,356756,373522,373526
91681,100789,111605,128028,142222,142221,302395,302410,332228,332240,356015,356025,372916,372924
91703,100758,111588,128008,142207,302300,302326,332116,332139,238731,238740,245673,245682
91692,100783,111597,128021,142218,142463,142217,142459,302355,302385,332927,332943,356577,356586
91711,91050,111040,127338,141733,141503,301340,301357,330986,330996,355001,355017,372035,372036
91680,100496,111656,127731,141997,302555,302578,332403,332423,355842,355847,372823,372828
91619,100819,112178,111647,128070,142501,142269,302559,302583,332406,332425
91632,100736,100377,111574,128004,127657,142206,302299,302325,332120,332142,355967,355968,238732,238739
91597,90926,100354,48035,110958,110947,127281,141686,301146,301162,332055,332067,238710,238718,245479,245497,253104,253118
91566,90884,48056,48118,48178,48242,110888,127246,127243,141652,81451,237723,237758,244668,244708,252289,252313,260699,260713,271336,271348,282154,282164
91576,100363,110983,127296,127650,127291,127645,141699,141929,141697,141926,301206,301236,331535,331553,355300,355305,239055,239060
91501,48113,48174,48246,110895,127596,141894,302074,302092,237577,237609,244510,244536,252129,252147,261518,261532,270904,270910,281588,281598
91477,49864,49937,50016,50102,112000,111437,127926,81753,81890,244282,244321,251851,251897,260181,260209,269357,269379,280959,280976
91449,90763,15890,15952,16011,48309,48373,48433,48510,110816,73367,81338,260816,260845,269982,270026,280588,280612
91436,16772,15887,16837,15951,48257,49999,48316,50083,48381,50161,48447,111422,127910,73770,81743,81768,252032,252060,260408,260429,269564,269584,280040,280060
91344,180959,181035,181128,181226,110676,110131,110719,126881,231020,382602,382633,389089,389126,396241,396262,404103,404124,415913,415934,426473,426506
91298,180807,180863,180924,180997,110662,126864,141398,300805,300834,382672,382690
91309,90640,180889,179018,180963,179085,181037,179147,181125,181221,110178,126550,230781,388878,388905,395829,395860,403662,403685,412705,412722,425312,425322
91258,100262,110553,127098,126763,141323,300478,300499,331159,331172,354783,354788,372143,372145
91229,100305,110612,110074,126833,141141,300663,300680,330704,330711,354521,354533,384016,384019
91122,100252,110577,126800,141365,141370,300620,300648,331326,331337,355271,355275
100617,111149,127414,141799,301549,301561,331836,331853,355887,355893,373030,373036
91126,100151,110479,109947,126703,141018,300316,300336,330367,330390,354297,354303,371694,371697
91058,100139,110485,127052,141294,300391,300410,330441,330454,354716,354725,354340,354345,371728,371733
91066,100159,110497,127062,141542,300428,300443,331097,331114,355128,355136,372120,372129
91075,100474,127355,141750,301378,301394,332333,332348,356072,356075,373133,373138
91071,100219,110538,127102,126770,141333,300532,300555,330629,330644,354825,354850,371992,371994
91092,100144,110481,126708,141289,141025,300354,300373,330413,330422,354319,354324,371703,371707,371516,371521
91082,90420,100189,99841,109986,126406,140815,299423,299449,329872,329883,354019,354032,371559,371564,371400,371403
90993,110470,127041,141285,300318,300346,330405,330417,354692,354701,371890,371897
90985,100136,110491,126729,141305,300457,300467,331137,331148,355523,355531,372601,372609
90946,100427,111043,110452,127035,141510,300305,300334,331027,331036,354687,354691,371882,371887
90947,100115,110486,126717,141300,300432,300446,330500,330513,354759,354766,371938,371940
90891,100365,110988,127304,141705,301250,301264,332182,332202,355979,355985
90842,46415,48159,48233,48351,110877,110320,110867,127236,126930,81310,237890,237916,244827,244855,252450,252477,260930,260941,271597,271619,282398,282412
90749,14929,15052,46625,46699,46777,110254,73171,72995,81213,81231,260798,260838,269964,270017,280574,280604
90581,99953,109550,109089,126145,125829,126149,140632,140389,140634,140391,298559,298580,329483,329495,354168,354174
90577,99944,109547,126458,126141,140627,299590,299614,329457,329470,353783,353790
90500,99875,109491,126080,140579,298315,298334,329286,329297,353315,353322,371047,371048
90514,99898,109514,126110,140605,299503,299522,298420,298457,329387,329399,353740,353744,371268,371270
90530,89906,99568,109039,125781,140356,140124,298404,298442,329360,329375,353738,353742,371443,371445
90467,99837,109477,126070,125750,140330,298260,298283,329233,329247,353270,353283,371023,371027
90404,99839,109484,126079,140583,298327,298344,329310,329317,353337,353354,371052,371055
90318,99692,109879,126313,126309,140738,140736,299103,299121,330262,330267,354564,354570,239407,239413
90219,89583,42852,42903,42953,108827,108821,125300,140008,296481,296503,328021,328031,238693,238698,247557,247568,255383,255390,263999,264018
90109,14937,13900,13978,46517,44715,44777,44851,109792,126246,80950,238051,238085,244987,245017,252640,252670,261100,261112,272167,272186,283011,283024
90116,13894,13962,14036,14114,46679,44868,44955,45037,45117,109719,56497
89989,177224,177271,108554,125178,125181,139692,139944,297390,297412,327987,328003,382999,383017,389588,389598,396731,396736
89888,99560,108460,125125,139879,139640,297116,297140,327787,327805,352233,352238,370339,370343
89900,99472,99132,108380,107838,125043,124652,139321,295619,295634,326959,326971,351690,351694,370035,370047
89845,99502,108421,125087,139837,139605,296971,296995,327698,327712,352154,352159,370487,370488
89859,89195,99188,107910,124733,139366,295826,295845,327730,327744,352556,352567,370884,370885
89833,99486,108413,125400,139830,296940,296960,327680,327692,352510,352516,370670,370674
89795,99424,108926,108358,125359,139792,296805,296834,327571,327578,352399,352410,370431,370432
89752,99432,108950,108376,125377,139806,296896,296913,328299,328314,352837,352853,371002,371007
89742,89075,99038,107800,124622,124304,139051,139049,294417,294436,326239,326250,351284,351293,369680,369687
89709,99498,109019,108447,125443,139881,297126,297150,327827,327841,352255,352266,370382,370388
89676,99329,42868,42914,108284,124972,139752,139504,139499,296468,296489,238661,238678,245611,245620,255564,255579,264190,264199,273981,273988
89625,42859,42907,42955,108828,108820,125297,125635,140004,140002,297754,297769,238491,238505,247188,247197,254998,255003,263569,263577,273222,273229
89417,175611,175667,175727,107546,108091,124516,124518,236165,388241,388282,395301,395339,403087,403109,412003,412009,423325,423342
89326,173668,173720,173774,106936,123840,124158,138743,138519,293924,293934,381634,381635,388507,388513,395594,395598,403195,403207
89211,98892,107410,124108,138935,294861,294882,326648,326660,351547,351555
89196,99189,107911,107364,124388,139116,295824,295843,327106,327113,352178,352184,370504,370507
89157,99137,107869,124354,139095,294595,294609,326412,326425,351386,351393,369748,369750
89171,99129,107857,124676,139341,139081,295702,295723,327037,327045,352108,352116,370473,370476
89043,98711,107276,106734,124009,138619,293203,293221,324775,324784,350164,350169,369156,369162,368956,368960
89011,99035,124316,124016,138835,294478,294509,325572,325583,350518,350527,369375,369379
88987,88349,106692,123631,138340,293095,293115,324691,324707,324096,324108,241751,241757,249062,249075
88972,88339,98697,106741,123693,138389,293239,293266,324207,324219,349853,349861,368992,369001,368770,368779
88881,11781,11836,39534,41322,41399,41480,41551,107629,107080,70156,70198,79851,79883,86744,281922,282007
88805,152805,151798,151844,151896,174017,172252,172316,172377,106479,219411,229061,229096,235665,411098,411138,420958,421008
88671,98597,106292,123081,137966,292341,292369,323853,323858,349570,349574,349239,349244,368673,368683,368493,368498
88667,88057,98608,98314,105811,122755,137534,291165,291190,323259,323274,368202,368209
88647,98908,106895,123793,138487,293741,293779,325935,325944,351168,351181
88619,98536,106235,123032,137939,292196,292215,324359,324373,350277,350283,369433,369434
88614,87990,98525,105732,123029,137931,137709,292184,292203,324323,324346,349921,349924,369239,369246
88580,98496,106209,123348,138147,293344,293367,324860,324885,350234,350248,369393,369394
88567,98554,105772,122732,137742,290999,291023,323201,323213,348904,348909,368369,368380
88566,87945,98509,105723,123028,137710,292183,292202,323747,323759,349927,349931,369063,369067
88502,98450,106182,123327,137900,292012,292028,324213,324224,350205,350211,369382,369384
88492,98776,98468,106202,123347,138149,137918,292102,292129,324277,324293,349449,349453,368579,368583
88383,87749,98424,98125,105682,122672,137693,292094,292118,323700,323714,349463,349471,369044,369048
88260,39302,37574,39375,39444,106613,106607,123581,138288,86426,239084,239124,246098,246144,253821,253850,262347,262362,275120,275137,286410,286429
88090,98310,105268,122434,137274,150718,322343,322360,348465,348480,367844,367851,380707,380709
88067,170322,170370,170409,105314,122129,137045,137049,150770,322646,322671,386000,386017,392830,392843,401840,401853,410446,410458,420217,420237
88035,98595,98303,105789,122744,137750,137752,291103,291151,323880,323891,349603,349605,368931,368934
98293,105273,122443,137287,137290,322401,322428,348511,348521,368176,368179,380908,380912
87986,98158,105145,122354,137188,321972,321995,322861,322871,348701,348709
87937,98203,105725,105194,122692,122387,137480,137233,290833,290855,323047,323069,348354,348366,368075,368080,380833,380841
87838,98175,105186,122386,137236,290838,290868,323079,323096,349180,349188,368609,368612
87782,97559,104629,121894,136881,150635,150392,321969,321987,348215,348226,367971,367977,380939,380941
87754,98041,35754,35814,105608,105051,122615,122290,122614,137398,290382,290415,239725,239736,249655,249673,257615,257629,266468,266486
87739,35738,35794,35853,35904,105025,105014,122255,122252,137104,290256,290271,239631,239668,246715,246738,254529,254543,266501,266511,276569,276578,287952,287964
87679,35721,37428,35783,35846,35900,105575,105027,122597,122264,137385,137114,137112,290310,290325,239682,239701,246758,246768,257664,257679,266526,266530,276595,276602
87662,35820,37522,35873,37580,35941,37648,36008,37715,105550,122583,122581,137594,239429,239471,246468,246502,254273,254297,262820,262835,276156,276170,287527,287539
87647,35913,37616,35985,37692,36050,37762,36120,37843,105522,105512,122565,78858,86061,254179,254225,262713,262744,272369,272387,283248,283269
19047,18058,19106,18130,19162,18202,19221,19272,54035,52282,54140,52398,54247,52525,59800,59880,74673
18726,17711,18795,17782,17851,17922,17991,51826,53710,51909,51998,52084,59520,59554,59600,74560,82476,278922,278992
17997,18072,18147,18215,52178,52301,52417,52542
15173,16117,15246,16183,15304,15380,46984,48709,47110,47245,47367,57314,57392,57472
15171,14177,15247,14252,15308,14333,15383,14412,46912,45130,47004,45226,47127,45347,47263,56667,56746,72909
12949,13995,13020,14079,14151,14225,44924,43327,45014,45096,45184,72273,71783,71821,71857,80627,87406
13221,12167,13296,12254,13373,12339,12411,43595,41814,43711,41933,42065,42213
13109,12028,13184,12116,13261,12210,13332,12291,43436,41625,43519,41724,43633,41854,41972
12946,13988,13016,14067,13082,14140,13145,14210,13216,43313,45001,43398,45083,43473,45170,43556,71806,71841,71891,80608,80654,87426
11099,10143,11181,10216,10291,10362,40064,38285,38398,38511
10914,11968,10990,12044,11068,12130,11150,39799,39892,39989,40109,70282,70344,79716,86689
10254,10324,10392,10457,45276,45391,45490,38462,38593,38717,38843,38918,69485,68987
7836,7911,7989,8081,34338,34406,34482,34554
7285,7357,7424,7500,38251,38362,33188,33301,33414,33545
7038,5940,6019,6097,6175,30848,30939,31052,31178,66267,65762,66340,65831,77647
6004,6090,6169,30847,30941,31055,31182,66211,65705,66280,65772,66347,77658,84982
5995,6079,6159,6228,31024,31151,31294,65803,65861,65941,77687
2317,2384,2468,2536,25753,23982,24099,24236,24370
1425,405,1518,476,547,619,22099,22215,22325,22329,20555,20698,20826,20962
1244,259,1315,1390,1484,22019,22149,22267,22383,61862,61927,62002,75560
925,995,1071,21631,21703,21760,115147,75597,83224,256787,256826,265581,265633,275587,275630,286888,286919
